image_width: 1440
image_height: 1080
camera_name: narrow_stereo
camera_matrix:
  rows: 3
  cols: 3
  data: [2340.43362,    0.     ,  720.35543,
            0.     , 2342.95033,  546.94844,
            0.     ,    0.     ,    1.     ]
distortion_model: plumb_bob
distortion_coefficients:
  rows: 1
  cols: 5
  data: [-0.122234, 0.244496, -0.000307, -0.000320, 0.000000]
rectification_matrix:
  rows: 3
  cols: 3
  data: [1., 0., 0.,
         0., 1., 0.,
         0., 0., 1.]
projection_matrix:
  rows: 3
  cols: 4
  data: [2316.55469,    0.     ,  719.6408 ,    0.     ,
            0.     , 2327.06396,  546.39756,    0.     ,
            0.     ,    0.     ,    1.     ,    0.     ]