image_width: 1440
image_height: 1080
camera_name: narrow_stereo
camera_matrix:
  rows: 3
  cols: 3
  data: [3573.82271,    0.     ,  729.24014,
            0.     , 3577.27694,  544.72903,
            0.     ,    0.     ,    1.     ]
distortion_model: plumb_bob
distortion_coefficients:
  rows: 1
  cols: 5
  data: [-0.051777, 0.910213, 0.000728, 0.001197, 0.000000]
rectification_matrix:
  rows: 3
  cols: 3
  data: [1., 0., 0.,
         0., 1., 0.,
         0., 0., 1.]
projection_matrix:
  rows: 3
  cols: 4
  data: [3573.2854 ,    0.     ,  729.29844,    0.     ,
            0.     , 3576.72266,  544.49039,    0.     ,
            0.     ,    0.     ,    1.     ,    0.     ]